shell_name:LAYER0 num_orbits:20 num_sats_per_orbit:20
SAT-00000
1 00000U 00000A   23001.00000000  .00000000  00000-0  00000-0 0  9991
2 00000  53.0000   0.0000 0001000 000.0000   0.0000 15.1900000000001
SAT-00001
1 00001U 00000A   23001.00000000  .00000000  00000-0  00000-0 0  9991
2 00001  53.0000   0.0000 0001000 000.0000  18.0000 15.1900000000001
SAT-00002
1 00002U 00000A   23001.00000000  .00000000  00000-0  00000-0 0  9991
2 00002  53.0000   0.0000 0001000 000.0000  36.0000 15.1900000000001
SAT-00003
1 00003U 00000A   23001.00000000  .00000000  00000-0  00000-0 0  9991
2 00003  53.0000   0.0000 0001000 000.0000  54.0000 15.1900000000001
SAT-00004
1 00004U 00000A   23001.00000000  .00000000  00000-0  00000-0 0  9991
2 00004  53.0000   0.0000 0001000 000.0000  72.0000 15.1900000000001
SAT-00005
1 00005U 00000A   23001.00000000  .00000000  00000-0  00000-0 0  9991
2 00005  53.0000   0.0000 0001000 000.0000  90.0000 15.1900000000001
SAT-00006
1 00006U 00000A   23001.00000000  .00000000  00000-0  00000-0 0  9991
2 00006  53.0000   0.0000 0001000 000.0000 108.0000 15.1900000000001
SAT-00007
1 00007U 00000A   23001.00000000  .00000000  00000-0  00000-0 0  9991
2 00007  53.0000   0.0000 0001000 000.0000 126.0000 15.1900000000001
SAT-00008
1 00008U 00000A   23001.00000000  .00000000  00000-0  00000-0 0  9991
2 00008  53.0000   0.0000 0001000 000.0000 144.0000 15.1900000000001
SAT-00009
1 00009U 00000A   23001.00000000  .00000000  00000-0  00000-0 0  9991
2 00009  53.0000   0.0000 0001000 000.0000 162.0000 15.1900000000001
SAT-00010
1 00010U 00000A   23001.00000000  .00000000  00000-0  00000-0 0  9991
2 00010  53.0000   0.0000 0001000 000.0000 180.0000 15.1900000000001
SAT-00011
1 00011U 00000A   23001.00000000  .00000000  00000-0  00000-0 0  9991
2 00011  53.0000   0.0000 0001000 000.0000 198.0000 15.1900000000001
SAT-00012
1 00012U 00000A   23001.00000000  .00000000  00000-0  00000-0 0  9991
2 00012  53.0000   0.0000 0001000 000.0000 216.0000 15.1900000000001
SAT-00013
1 00013U 00000A   23001.00000000  .00000000  00000-0  00000-0 0  9991
2 00013  53.0000   0.0000 0001000 000.0000 234.0000 15.1900000000001
SAT-00014
1 00014U 00000A   23001.00000000  .00000000  00000-0  00000-0 0  9991
2 00014  53.0000   0.0000 0001000 000.0000 252.0000 15.1900000000001
SAT-00015
1 00015U 00000A   23001.00000000  .00000000  00000-0  00000-0 0  9991
2 00015  53.0000   0.0000 0001000 000.0000 270.0000 15.1900000000001
SAT-00016
1 00016U 00000A   23001.00000000  .00000000  00000-0  00000-0 0  9991
2 00016  53.0000   0.0000 0001000 000.0000 288.0000 15.1900000000001
SAT-00017
1 00017U 00000A   23001.00000000  .00000000  00000-0  00000-0 0  9991
2 00017  53.0000   0.0000 0001000 000.0000 306.0000 15.1900000000001
SAT-00018
1 00018U 00000A   23001.00000000  .00000000  00000-0  00000-0 0  9991
2 00018  53.0000   0.0000 0001000 000.0000 324.0000 15.1900000000001
SAT-00019
1 00019U 00000A   23001.00000000  .00000000  00000-0  00000-0 0  9991
2 00019  53.0000   0.0000 0001000 000.0000 342.0000 15.1900000000001
SAT-00020
1 00020U 00000A   23001.00000000  .00000000  00000-0  00000-0 0  9991
2 00020  53.0000  18.0000 0001000 000.0000   0.9000 15.1900000000001
SAT-00021
1 00021U 00000A   23001.00000000  .00000000  00000-0  00000-0 0  9991
2 00021  53.0000  18.0000 0001000 000.0000  18.9000 15.1900000000001
SAT-00022
1 00022U 00000A   23001.00000000  .00000000  00000-0  00000-0 0  9991
2 00022  53.0000  18.0000 0001000 000.0000  36.9000 15.1900000000001
SAT-00023
1 00023U 00000A   23001.00000000  .00000000  00000-0  00000-0 0  9991
2 00023  53.0000  18.0000 0001000 000.0000  54.9000 15.1900000000001
SAT-00024
1 00024U 00000A   23001.00000000  .00000000  00000-0  00000-0 0  9991
2 00024  53.0000  18.0000 0001000 000.0000  72.9000 15.1900000000001
SAT-00025
1 00025U 00000A   23001.00000000  .00000000  00000-0  00000-0 0  9991
2 00025  53.0000  18.0000 0001000 000.0000  90.9000 15.1900000000001
SAT-00026
1 00026U 00000A   23001.00000000  .00000000  00000-0  00000-0 0  9991
2 00026  53.0000  18.0000 0001000 000.0000 108.9000 15.1900000000001
SAT-00027
1 00027U 00000A   23001.00000000  .00000000  00000-0  00000-0 0  9991
2 00027  53.0000  18.0000 0001000 000.0000 126.9000 15.1900000000001
SAT-00028
1 00028U 00000A   23001.00000000  .00000000  00000-0  00000-0 0  9991
2 00028  53.0000  18.0000 0001000 000.0000 144.9000 15.1900000000001
SAT-00029
1 00029U 00000A   23001.00000000  .00000000  00000-0  00000-0 0  9991
2 00029  53.0000  18.0000 0001000 000.0000 162.9000 15.1900000000001
SAT-00030
1 00030U 00000A   23001.00000000  .00000000  00000-0  00000-0 0  9991
2 00030  53.0000  18.0000 0001000 000.0000 180.9000 15.1900000000001
SAT-00031
1 00031U 00000A   23001.00000000  .00000000  00000-0  00000-0 0  9991
2 00031  53.0000  18.0000 0001000 000.0000 198.9000 15.1900000000001
SAT-00032
1 00032U 00000A   23001.00000000  .00000000  00000-0  00000-0 0  9991
2 00032  53.0000  18.0000 0001000 000.0000 216.9000 15.1900000000001
SAT-00033
1 00033U 00000A   23001.00000000  .00000000  00000-0  00000-0 0  9991
2 00033  53.0000  18.0000 0001000 000.0000 234.9000 15.1900000000001
SAT-00034
1 00034U 00000A   23001.00000000  .00000000  00000-0  00000-0 0  9991
2 00034  53.0000  18.0000 0001000 000.0000 252.9000 15.1900000000001
SAT-00035
1 00035U 00000A   23001.00000000  .00000000  00000-0  00000-0 0  9991
2 00035  53.0000  18.0000 0001000 000.0000 270.9000 15.1900000000001
SAT-00036
1 00036U 00000A   23001.00000000  .00000000  00000-0  00000-0 0  9991
2 00036  53.0000  18.0000 0001000 000.0000 288.9000 15.1900000000001
SAT-00037
1 00037U 00000A   23001.00000000  .00000000  00000-0  00000-0 0  9991
2 00037  53.0000  18.0000 0001000 000.0000 306.9000 15.1900000000001
SAT-00038
1 00038U 00000A   23001.00000000  .00000000  00000-0  00000-0 0  9991
2 00038  53.0000  18.0000 0001000 000.0000 324.9000 15.1900000000001
SAT-00039
1 00039U 00000A   23001.00000000  .00000000  00000-0  00000-0 0  9991
2 00039  53.0000  18.0000 0001000 000.0000 342.9000 15.1900000000001
SAT-00040
1 00040U 00000A   23001.00000000  .00000000  00000-0  00000-0 0  9991
2 00040  53.0000  36.0000 0001000 000.0000   1.8000 15.1900000000001
SAT-00041
1 00041U 00000A   23001.00000000  .00000000  00000-0  00000-0 0  9991
2 00041  53.0000  36.0000 0001000 000.0000  19.8000 15.1900000000001
SAT-00042
1 00042U 00000A   23001.00000000  .00000000  00000-0  00000-0 0  9991
2 00042  53.0000  36.0000 0001000 000.0000  37.8000 15.1900000000001
SAT-00043
1 00043U 00000A   23001.00000000  .00000000  00000-0  00000-0 0  9991
2 00043  53.0000  36.0000 0001000 000.0000  55.8000 15.1900000000001
SAT-00044
1 00044U 00000A   23001.00000000  .00000000  00000-0  00000-0 0  9991
2 00044  53.0000  36.0000 0001000 000.0000  73.8000 15.1900000000001
SAT-00045
1 00045U 00000A   23001.00000000  .00000000  00000-0  00000-0 0  9991
2 00045  53.0000  36.0000 0001000 000.0000  91.8000 15.1900000000001
SAT-00046
1 00046U 00000A   23001.00000000  .00000000  00000-0  00000-0 0  9991
2 00046  53.0000  36.0000 0001000 000.0000 109.8000 15.1900000000001
SAT-00047
1 00047U 00000A   23001.00000000  .00000000  00000-0  00000-0 0  9991
2 00047  53.0000  36.0000 0001000 000.0000 127.8000 15.1900000000001
SAT-00048
1 00048U 00000A   23001.00000000  .00000000  00000-0  00000-0 0  9991
2 00048  53.0000  36.0000 0001000 000.0000 145.8000 15.1900000000001
SAT-00049
1 00049U 00000A   23001.00000000  .00000000  00000-0  00000-0 0  9991
2 00049  53.0000  36.0000 0001000 000.0000 163.8000 15.1900000000001
SAT-00050
1 00050U 00000A   23001.00000000  .00000000  00000-0  00000-0 0  9991
2 00050  53.0000  36.0000 0001000 000.0000 181.8000 15.1900000000001
SAT-00051
1 00051U 00000A   23001.00000000  .00000000  00000-0  00000-0 0  9991
2 00051  53.0000  36.0000 0001000 000.0000 199.8000 15.1900000000001
SAT-00052
1 00052U 00000A   23001.00000000  .00000000  00000-0  00000-0 0  9991
2 00052  53.0000  36.0000 0001000 000.0000 217.8000 15.1900000000001
SAT-00053
1 00053U 00000A   23001.00000000  .00000000  00000-0  00000-0 0  9991
2 00053  53.0000  36.0000 0001000 000.0000 235.8000 15.1900000000001
SAT-00054
1 00054U 00000A   23001.00000000  .00000000  00000-0  00000-0 0  9991
2 00054  53.0000  36.0000 0001000 000.0000 253.8000 15.1900000000001
SAT-00055
1 00055U 00000A   23001.00000000  .00000000  00000-0  00000-0 0  9991
2 00055  53.0000  36.0000 0001000 000.0000 271.8000 15.1900000000001
SAT-00056
1 00056U 00000A   23001.00000000  .00000000  00000-0  00000-0 0  9991
2 00056  53.0000  36.0000 0001000 000.0000 289.8000 15.1900000000001
SAT-00057
1 00057U 00000A   23001.00000000  .00000000  00000-0  00000-0 0  9991
2 00057  53.0000  36.0000 0001000 000.0000 307.8000 15.1900000000001
SAT-00058
1 00058U 00000A   23001.00000000  .00000000  00000-0  00000-0 0  9991
2 00058  53.0000  36.0000 0001000 000.0000 325.8000 15.1900000000001
SAT-00059
1 00059U 00000A   23001.00000000  .00000000  00000-0  00000-0 0  9991
2 00059  53.0000  36.0000 0001000 000.0000 343.8000 15.1900000000001
SAT-00060
1 00060U 00000A   23001.00000000  .00000000  00000-0  00000-0 0  9991
2 00060  53.0000  54.0000 0001000 000.0000   2.7000 15.1900000000001
SAT-00061
1 00061U 00000A   23001.00000000  .00000000  00000-0  00000-0 0  9991
2 00061  53.0000  54.0000 0001000 000.0000  20.7000 15.1900000000001
SAT-00062
1 00062U 00000A   23001.00000000  .00000000  00000-0  00000-0 0  9991
2 00062  53.0000  54.0000 0001000 000.0000  38.7000 15.1900000000001
SAT-00063
1 00063U 00000A   23001.00000000  .00000000  00000-0  00000-0 0  9991
2 00063  53.0000  54.0000 0001000 000.0000  56.7000 15.1900000000001
SAT-00064
1 00064U 00000A   23001.00000000  .00000000  00000-0  00000-0 0  9991
2 00064  53.0000  54.0000 0001000 000.0000  74.7000 15.1900000000001
SAT-00065
1 00065U 00000A   23001.00000000  .00000000  00000-0  00000-0 0  9991
2 00065  53.0000  54.0000 0001000 000.0000  92.7000 15.1900000000001
SAT-00066
1 00066U 00000A   23001.00000000  .00000000  00000-0  00000-0 0  9991
2 00066  53.0000  54.0000 0001000 000.0000 110.7000 15.1900000000001
SAT-00067
1 00067U 00000A   23001.00000000  .00000000  00000-0  00000-0 0  9991
2 00067  53.0000  54.0000 0001000 000.0000 128.7000 15.1900000000001
SAT-00068
1 00068U 00000A   23001.00000000  .00000000  00000-0  00000-0 0  9991
2 00068  53.0000  54.0000 0001000 000.0000 146.7000 15.1900000000001
SAT-00069
1 00069U 00000A   23001.00000000  .00000000  00000-0  00000-0 0  9991
2 00069  53.0000  54.0000 0001000 000.0000 164.7000 15.1900000000001
SAT-00070
1 00070U 00000A   23001.00000000  .00000000  00000-0  00000-0 0  9991
2 00070  53.0000  54.0000 0001000 000.0000 182.7000 15.1900000000001
SAT-00071
1 00071U 00000A   23001.00000000  .00000000  00000-0  00000-0 0  9991
2 00071  53.0000  54.0000 0001000 000.0000 200.7000 15.1900000000001
SAT-00072
1 00072U 00000A   23001.00000000  .00000000  00000-0  00000-0 0  9991
2 00072  53.0000  54.0000 0001000 000.0000 218.7000 15.1900000000001
SAT-00073
1 00073U 00000A   23001.00000000  .00000000  00000-0  00000-0 0  9991
2 00073  53.0000  54.0000 0001000 000.0000 236.7000 15.1900000000001
SAT-00074
1 00074U 00000A   23001.00000000  .00000000  00000-0  00000-0 0  9991
2 00074  53.0000  54.0000 0001000 000.0000 254.7000 15.1900000000001
SAT-00075
1 00075U 00000A   23001.00000000  .00000000  00000-0  00000-0 0  9991
2 00075  53.0000  54.0000 0001000 000.0000 272.7000 15.1900000000001
SAT-00076
1 00076U 00000A   23001.00000000  .00000000  00000-0  00000-0 0  9991
2 00076  53.0000  54.0000 0001000 000.0000 290.7000 15.1900000000001
SAT-00077
1 00077U 00000A   23001.00000000  .00000000  00000-0  00000-0 0  9991
2 00077  53.0000  54.0000 0001000 000.0000 308.7000 15.1900000000001
SAT-00078
1 00078U 00000A   23001.00000000  .00000000  00000-0  00000-0 0  9991
2 00078  53.0000  54.0000 0001000 000.0000 326.7000 15.1900000000001
SAT-00079
1 00079U 00000A   23001.00000000  .00000000  00000-0  00000-0 0  9991
2 00079  53.0000  54.0000 0001000 000.0000 344.7000 15.1900000000001
SAT-00080
1 00080U 00000A   23001.00000000  .00000000  00000-0  00000-0 0  9991
2 00080  53.0000  72.0000 0001000 000.0000   3.6000 15.1900000000001
SAT-00081
1 00081U 00000A   23001.00000000  .00000000  00000-0  00000-0 0  9991
2 00081  53.0000  72.0000 0001000 000.0000  21.6000 15.1900000000001
SAT-00082
1 00082U 00000A   23001.00000000  .00000000  00000-0  00000-0 0  9991
2 00082  53.0000  72.0000 0001000 000.0000  39.6000 15.1900000000001
SAT-00083
1 00083U 00000A   23001.00000000  .00000000  00000-0  00000-0 0  9991
2 00083  53.0000  72.0000 0001000 000.0000  57.6000 15.1900000000001
SAT-00084
1 00084U 00000A   23001.00000000  .00000000  00000-0  00000-0 0  9991
2 00084  53.0000  72.0000 0001000 000.0000  75.6000 15.1900000000001
SAT-00085
1 00085U 00000A   23001.00000000  .00000000  00000-0  00000-0 0  9991
2 00085  53.0000  72.0000 0001000 000.0000  93.6000 15.1900000000001
SAT-00086
1 00086U 00000A   23001.00000000  .00000000  00000-0  00000-0 0  9991
2 00086  53.0000  72.0000 0001000 000.0000 111.6000 15.1900000000001
SAT-00087
1 00087U 00000A   23001.00000000  .00000000  00000-0  00000-0 0  9991
2 00087  53.0000  72.0000 0001000 000.0000 129.6000 15.1900000000001
SAT-00088
1 00088U 00000A   23001.00000000  .00000000  00000-0  00000-0 0  9991
2 00088  53.0000  72.0000 0001000 000.0000 147.6000 15.1900000000001
SAT-00089
1 00089U 00000A   23001.00000000  .00000000  00000-0  00000-0 0  9991
2 00089  53.0000  72.0000 0001000 000.0000 165.6000 15.1900000000001
SAT-00090
1 00090U 00000A   23001.00000000  .00000000  00000-0  00000-0 0  9991
2 00090  53.0000  72.0000 0001000 000.0000 183.6000 15.1900000000001
SAT-00091
1 00091U 00000A   23001.00000000  .00000000  00000-0  00000-0 0  9991
2 00091  53.0000  72.0000 0001000 000.0000 201.6000 15.1900000000001
SAT-00092
1 00092U 00000A   23001.00000000  .00000000  00000-0  00000-0 0  9991
2 00092  53.0000  72.0000 0001000 000.0000 219.6000 15.1900000000001
SAT-00093
1 00093U 00000A   23001.00000000  .00000000  00000-0  00000-0 0  9991
2 00093  53.0000  72.0000 0001000 000.0000 237.6000 15.1900000000001
SAT-00094
1 00094U 00000A   23001.00000000  .00000000  00000-0  00000-0 0  9991
2 00094  53.0000  72.0000 0001000 000.0000 255.6000 15.1900000000001
SAT-00095
1 00095U 00000A   23001.00000000  .00000000  00000-0  00000-0 0  9991
2 00095  53.0000  72.0000 0001000 000.0000 273.6000 15.1900000000001
SAT-00096
1 00096U 00000A   23001.00000000  .00000000  00000-0  00000-0 0  9991
2 00096  53.0000  72.0000 0001000 000.0000 291.6000 15.1900000000001
SAT-00097
1 00097U 00000A   23001.00000000  .00000000  00000-0  00000-0 0  9991
2 00097  53.0000  72.0000 0001000 000.0000 309.6000 15.1900000000001
SAT-00098
1 00098U 00000A   23001.00000000  .00000000  00000-0  00000-0 0  9991
2 00098  53.0000  72.0000 0001000 000.0000 327.6000 15.1900000000001
SAT-00099
1 00099U 00000A   23001.00000000  .00000000  00000-0  00000-0 0  9991
2 00099  53.0000  72.0000 0001000 000.0000 345.6000 15.1900000000001
SAT-00100
1 00100U 00000A   23001.00000000  .00000000  00000-0  00000-0 0  9991
2 00100  53.0000  90.0000 0001000 000.0000   4.5000 15.1900000000001
SAT-00101
1 00101U 00000A   23001.00000000  .00000000  00000-0  00000-0 0  9991
2 00101  53.0000  90.0000 0001000 000.0000  22.5000 15.1900000000001
SAT-00102
1 00102U 00000A   23001.00000000  .00000000  00000-0  00000-0 0  9991
2 00102  53.0000  90.0000 0001000 000.0000  40.5000 15.1900000000001
SAT-00103
1 00103U 00000A   23001.00000000  .00000000  00000-0  00000-0 0  9991
2 00103  53.0000  90.0000 0001000 000.0000  58.5000 15.1900000000001
SAT-00104
1 00104U 00000A   23001.00000000  .00000000  00000-0  00000-0 0  9991
2 00104  53.0000  90.0000 0001000 000.0000  76.5000 15.1900000000001
SAT-00105
1 00105U 00000A   23001.00000000  .00000000  00000-0  00000-0 0  9991
2 00105  53.0000  90.0000 0001000 000.0000  94.5000 15.1900000000001
SAT-00106
1 00106U 00000A   23001.00000000  .00000000  00000-0  00000-0 0  9991
2 00106  53.0000  90.0000 0001000 000.0000 112.5000 15.1900000000001
SAT-00107
1 00107U 00000A   23001.00000000  .00000000  00000-0  00000-0 0  9991
2 00107  53.0000  90.0000 0001000 000.0000 130.5000 15.1900000000001
SAT-00108
1 00108U 00000A   23001.00000000  .00000000  00000-0  00000-0 0  9991
2 00108  53.0000  90.0000 0001000 000.0000 148.5000 15.1900000000001
SAT-00109
1 00109U 00000A   23001.00000000  .00000000  00000-0  00000-0 0  9991
2 00109  53.0000  90.0000 0001000 000.0000 166.5000 15.1900000000001
SAT-00110
1 00110U 00000A   23001.00000000  .00000000  00000-0  00000-0 0  9991
2 00110  53.0000  90.0000 0001000 000.0000 184.5000 15.1900000000001
SAT-00111
1 00111U 00000A   23001.00000000  .00000000  00000-0  00000-0 0  9991
2 00111  53.0000  90.0000 0001000 000.0000 202.5000 15.1900000000001
SAT-00112
1 00112U 00000A   23001.00000000  .00000000  00000-0  00000-0 0  9991
2 00112  53.0000  90.0000 0001000 000.0000 220.5000 15.1900000000001
SAT-00113
1 00113U 00000A   23001.00000000  .00000000  00000-0  00000-0 0  9991
2 00113  53.0000  90.0000 0001000 000.0000 238.5000 15.1900000000001
SAT-00114
1 00114U 00000A   23001.00000000  .00000000  00000-0  00000-0 0  9991
2 00114  53.0000  90.0000 0001000 000.0000 256.5000 15.1900000000001
SAT-00115
1 00115U 00000A   23001.00000000  .00000000  00000-0  00000-0 0  9991
2 00115  53.0000  90.0000 0001000 000.0000 274.5000 15.1900000000001
SAT-00116
1 00116U 00000A   23001.00000000  .00000000  00000-0  00000-0 0  9991
2 00116  53.0000  90.0000 0001000 000.0000 292.5000 15.1900000000001
SAT-00117
1 00117U 00000A   23001.00000000  .00000000  00000-0  00000-0 0  9991
2 00117  53.0000  90.0000 0001000 000.0000 310.5000 15.1900000000001
SAT-00118
1 00118U 00000A   23001.00000000  .00000000  00000-0  00000-0 0  9991
2 00118  53.0000  90.0000 0001000 000.0000 328.5000 15.1900000000001
SAT-00119
1 00119U 00000A   23001.00000000  .00000000  00000-0  00000-0 0  9991
2 00119  53.0000  90.0000 0001000 000.0000 346.5000 15.1900000000001
SAT-00120
1 00120U 00000A   23001.00000000  .00000000  00000-0  00000-0 0  9991
2 00120  53.0000 108.0000 0001000 000.0000   5.4000 15.1900000000001
SAT-00121
1 00121U 00000A   23001.00000000  .00000000  00000-0  00000-0 0  9991
2 00121  53.0000 108.0000 0001000 000.0000  23.4000 15.1900000000001
SAT-00122
1 00122U 00000A   23001.00000000  .00000000  00000-0  00000-0 0  9991
2 00122  53.0000 108.0000 0001000 000.0000  41.4000 15.1900000000001
SAT-00123
1 00123U 00000A   23001.00000000  .00000000  00000-0  00000-0 0  9991
2 00123  53.0000 108.0000 0001000 000.0000  59.4000 15.1900000000001
SAT-00124
1 00124U 00000A   23001.00000000  .00000000  00000-0  00000-0 0  9991
2 00124  53.0000 108.0000 0001000 000.0000  77.4000 15.1900000000001
SAT-00125
1 00125U 00000A   23001.00000000  .00000000  00000-0  00000-0 0  9991
2 00125  53.0000 108.0000 0001000 000.0000  95.4000 15.1900000000001
SAT-00126
1 00126U 00000A   23001.00000000  .00000000  00000-0  00000-0 0  9991
2 00126  53.0000 108.0000 0001000 000.0000 113.4000 15.1900000000001
SAT-00127
1 00127U 00000A   23001.00000000  .00000000  00000-0  00000-0 0  9991
2 00127  53.0000 108.0000 0001000 000.0000 131.4000 15.1900000000001
SAT-00128
1 00128U 00000A   23001.00000000  .00000000  00000-0  00000-0 0  9991
2 00128  53.0000 108.0000 0001000 000.0000 149.4000 15.1900000000001
SAT-00129
1 00129U 00000A   23001.00000000  .00000000  00000-0  00000-0 0  9991
2 00129  53.0000 108.0000 0001000 000.0000 167.4000 15.1900000000001
SAT-00130
1 00130U 00000A   23001.00000000  .00000000  00000-0  00000-0 0  9991
2 00130  53.0000 108.0000 0001000 000.0000 185.4000 15.1900000000001
SAT-00131
1 00131U 00000A   23001.00000000  .00000000  00000-0  00000-0 0  9991
2 00131  53.0000 108.0000 0001000 000.0000 203.4000 15.1900000000001
SAT-00132
1 00132U 00000A   23001.00000000  .00000000  00000-0  00000-0 0  9991
2 00132  53.0000 108.0000 0001000 000.0000 221.4000 15.1900000000001
SAT-00133
1 00133U 00000A   23001.00000000  .00000000  00000-0  00000-0 0  9991
2 00133  53.0000 108.0000 0001000 000.0000 239.4000 15.1900000000001
SAT-00134
1 00134U 00000A   23001.00000000  .00000000  00000-0  00000-0 0  9991
2 00134  53.0000 108.0000 0001000 000.0000 257.4000 15.1900000000001
SAT-00135
1 00135U 00000A   23001.00000000  .00000000  00000-0  00000-0 0  9991
2 00135  53.0000 108.0000 0001000 000.0000 275.4000 15.1900000000001
SAT-00136
1 00136U 00000A   23001.00000000  .00000000  00000-0  00000-0 0  9991
2 00136  53.0000 108.0000 0001000 000.0000 293.4000 15.1900000000001
SAT-00137
1 00137U 00000A   23001.00000000  .00000000  00000-0  00000-0 0  9991
2 00137  53.0000 108.0000 0001000 000.0000 311.4000 15.1900000000001
SAT-00138
1 00138U 00000A   23001.00000000  .00000000  00000-0  00000-0 0  9991
2 00138  53.0000 108.0000 0001000 000.0000 329.4000 15.1900000000001
SAT-00139
1 00139U 00000A   23001.00000000  .00000000  00000-0  00000-0 0  9991
2 00139  53.0000 108.0000 0001000 000.0000 347.4000 15.1900000000001
SAT-00140
1 00140U 00000A   23001.00000000  .00000000  00000-0  00000-0 0  9991
2 00140  53.0000 126.0000 0001000 000.0000   6.3000 15.1900000000001
SAT-00141
1 00141U 00000A   23001.00000000  .00000000  00000-0  00000-0 0  9991
2 00141  53.0000 126.0000 0001000 000.0000  24.3000 15.1900000000001
SAT-00142
1 00142U 00000A   23001.00000000  .00000000  00000-0  00000-0 0  9991
2 00142  53.0000 126.0000 0001000 000.0000  42.3000 15.1900000000001
SAT-00143
1 00143U 00000A   23001.00000000  .00000000  00000-0  00000-0 0  9991
2 00143  53.0000 126.0000 0001000 000.0000  60.3000 15.1900000000001
SAT-00144
1 00144U 00000A   23001.00000000  .00000000  00000-0  00000-0 0  9991
2 00144  53.0000 126.0000 0001000 000.0000  78.3000 15.1900000000001
SAT-00145
1 00145U 00000A   23001.00000000  .00000000  00000-0  00000-0 0  9991
2 00145  53.0000 126.0000 0001000 000.0000  96.3000 15.1900000000001
SAT-00146
1 00146U 00000A   23001.00000000  .00000000  00000-0  00000-0 0  9991
2 00146  53.0000 126.0000 0001000 000.0000 114.3000 15.1900000000001
SAT-00147
1 00147U 00000A   23001.00000000  .00000000  00000-0  00000-0 0  9991
2 00147  53.0000 126.0000 0001000 000.0000 132.3000 15.1900000000001
SAT-00148
1 00148U 00000A   23001.00000000  .00000000  00000-0  00000-0 0  9991
2 00148  53.0000 126.0000 0001000 000.0000 150.3000 15.1900000000001
SAT-00149
1 00149U 00000A   23001.00000000  .00000000  00000-0  00000-0 0  9991
2 00149  53.0000 126.0000 0001000 000.0000 168.3000 15.1900000000001
SAT-00150
1 00150U 00000A   23001.00000000  .00000000  00000-0  00000-0 0  9991
2 00150  53.0000 126.0000 0001000 000.0000 186.3000 15.1900000000001
SAT-00151
1 00151U 00000A   23001.00000000  .00000000  00000-0  00000-0 0  9991
2 00151  53.0000 126.0000 0001000 000.0000 204.3000 15.1900000000001
SAT-00152
1 00152U 00000A   23001.00000000  .00000000  00000-0  00000-0 0  9991
2 00152  53.0000 126.0000 0001000 000.0000 222.3000 15.1900000000001
SAT-00153
1 00153U 00000A   23001.00000000  .00000000  00000-0  00000-0 0  9991
2 00153  53.0000 126.0000 0001000 000.0000 240.3000 15.1900000000001
SAT-00154
1 00154U 00000A   23001.00000000  .00000000  00000-0  00000-0 0  9991
2 00154  53.0000 126.0000 0001000 000.0000 258.3000 15.1900000000001
SAT-00155
1 00155U 00000A   23001.00000000  .00000000  00000-0  00000-0 0  9991
2 00155  53.0000 126.0000 0001000 000.0000 276.3000 15.1900000000001
SAT-00156
1 00156U 00000A   23001.00000000  .00000000  00000-0  00000-0 0  9991
2 00156  53.0000 126.0000 0001000 000.0000 294.3000 15.1900000000001
SAT-00157
1 00157U 00000A   23001.00000000  .00000000  00000-0  00000-0 0  9991
2 00157  53.0000 126.0000 0001000 000.0000 312.3000 15.1900000000001
SAT-00158
1 00158U 00000A   23001.00000000  .00000000  00000-0  00000-0 0  9991
2 00158  53.0000 126.0000 0001000 000.0000 330.3000 15.1900000000001
SAT-00159
1 00159U 00000A   23001.00000000  .00000000  00000-0  00000-0 0  9991
2 00159  53.0000 126.0000 0001000 000.0000 348.3000 15.1900000000001
SAT-00160
1 00160U 00000A   23001.00000000  .00000000  00000-0  00000-0 0  9991
2 00160  53.0000 144.0000 0001000 000.0000   7.2000 15.1900000000001
SAT-00161
1 00161U 00000A   23001.00000000  .00000000  00000-0  00000-0 0  9991
2 00161  53.0000 144.0000 0001000 000.0000  25.2000 15.1900000000001
SAT-00162
1 00162U 00000A   23001.00000000  .00000000  00000-0  00000-0 0  9991
2 00162  53.0000 144.0000 0001000 000.0000  43.2000 15.1900000000001
SAT-00163
1 00163U 00000A   23001.00000000  .00000000  00000-0  00000-0 0  9991
2 00163  53.0000 144.0000 0001000 000.0000  61.2000 15.1900000000001
SAT-00164
1 00164U 00000A   23001.00000000  .00000000  00000-0  00000-0 0  9991
2 00164  53.0000 144.0000 0001000 000.0000  79.2000 15.1900000000001
SAT-00165
1 00165U 00000A   23001.00000000  .00000000  00000-0  00000-0 0  9991
2 00165  53.0000 144.0000 0001000 000.0000  97.2000 15.1900000000001
SAT-00166
1 00166U 00000A   23001.00000000  .00000000  00000-0  00000-0 0  9991
2 00166  53.0000 144.0000 0001000 000.0000 115.2000 15.1900000000001
SAT-00167
1 00167U 00000A   23001.00000000  .00000000  00000-0  00000-0 0  9991
2 00167  53.0000 144.0000 0001000 000.0000 133.2000 15.1900000000001
SAT-00168
1 00168U 00000A   23001.00000000  .00000000  00000-0  00000-0 0  9991
2 00168  53.0000 144.0000 0001000 000.0000 151.2000 15.1900000000001
SAT-00169
1 00169U 00000A   23001.00000000  .00000000  00000-0  00000-0 0  9991
2 00169  53.0000 144.0000 0001000 000.0000 169.2000 15.1900000000001
SAT-00170
1 00170U 00000A   23001.00000000  .00000000  00000-0  00000-0 0  9991
2 00170  53.0000 144.0000 0001000 000.0000 187.2000 15.1900000000001
SAT-00171
1 00171U 00000A   23001.00000000  .00000000  00000-0  00000-0 0  9991
2 00171  53.0000 144.0000 0001000 000.0000 205.2000 15.1900000000001
SAT-00172
1 00172U 00000A   23001.00000000  .00000000  00000-0  00000-0 0  9991
2 00172  53.0000 144.0000 0001000 000.0000 223.2000 15.1900000000001
SAT-00173
1 00173U 00000A   23001.00000000  .00000000  00000-0  00000-0 0  9991
2 00173  53.0000 144.0000 0001000 000.0000 241.2000 15.1900000000001
SAT-00174
1 00174U 00000A   23001.00000000  .00000000  00000-0  00000-0 0  9991
2 00174  53.0000 144.0000 0001000 000.0000 259.2000 15.1900000000001
SAT-00175
1 00175U 00000A   23001.00000000  .00000000  00000-0  00000-0 0  9991
2 00175  53.0000 144.0000 0001000 000.0000 277.2000 15.1900000000001
SAT-00176
1 00176U 00000A   23001.00000000  .00000000  00000-0  00000-0 0  9991
2 00176  53.0000 144.0000 0001000 000.0000 295.2000 15.1900000000001
SAT-00177
1 00177U 00000A   23001.00000000  .00000000  00000-0  00000-0 0  9991
2 00177  53.0000 144.0000 0001000 000.0000 313.2000 15.1900000000001
SAT-00178
1 00178U 00000A   23001.00000000  .00000000  00000-0  00000-0 0  9991
2 00178  53.0000 144.0000 0001000 000.0000 331.2000 15.1900000000001
SAT-00179
1 00179U 00000A   23001.00000000  .00000000  00000-0  00000-0 0  9991
2 00179  53.0000 144.0000 0001000 000.0000 349.2000 15.1900000000001
SAT-00180
1 00180U 00000A   23001.00000000  .00000000  00000-0  00000-0 0  9991
2 00180  53.0000 162.0000 0001000 000.0000   8.1000 15.1900000000001
SAT-00181
1 00181U 00000A   23001.00000000  .00000000  00000-0  00000-0 0  9991
2 00181  53.0000 162.0000 0001000 000.0000  26.1000 15.1900000000001
SAT-00182
1 00182U 00000A   23001.00000000  .00000000  00000-0  00000-0 0  9991
2 00182  53.0000 162.0000 0001000 000.0000  44.1000 15.1900000000001
SAT-00183
1 00183U 00000A   23001.00000000  .00000000  00000-0  00000-0 0  9991
2 00183  53.0000 162.0000 0001000 000.0000  62.1000 15.1900000000001
SAT-00184
1 00184U 00000A   23001.00000000  .00000000  00000-0  00000-0 0  9991
2 00184  53.0000 162.0000 0001000 000.0000  80.1000 15.1900000000001
SAT-00185
1 00185U 00000A   23001.00000000  .00000000  00000-0  00000-0 0  9991
2 00185  53.0000 162.0000 0001000 000.0000  98.1000 15.1900000000001
SAT-00186
1 00186U 00000A   23001.00000000  .00000000  00000-0  00000-0 0  9991
2 00186  53.0000 162.0000 0001000 000.0000 116.1000 15.1900000000001
SAT-00187
1 00187U 00000A   23001.00000000  .00000000  00000-0  00000-0 0  9991
2 00187  53.0000 162.0000 0001000 000.0000 134.1000 15.1900000000001
SAT-00188
1 00188U 00000A   23001.00000000  .00000000  00000-0  00000-0 0  9991
2 00188  53.0000 162.0000 0001000 000.0000 152.1000 15.1900000000001
SAT-00189
1 00189U 00000A   23001.00000000  .00000000  00000-0  00000-0 0  9991
2 00189  53.0000 162.0000 0001000 000.0000 170.1000 15.1900000000001
SAT-00190
1 00190U 00000A   23001.00000000  .00000000  00000-0  00000-0 0  9991
2 00190  53.0000 162.0000 0001000 000.0000 188.1000 15.1900000000001
SAT-00191
1 00191U 00000A   23001.00000000  .00000000  00000-0  00000-0 0  9991
2 00191  53.0000 162.0000 0001000 000.0000 206.1000 15.1900000000001
SAT-00192
1 00192U 00000A   23001.00000000  .00000000  00000-0  00000-0 0  9991
2 00192  53.0000 162.0000 0001000 000.0000 224.1000 15.1900000000001
SAT-00193
1 00193U 00000A   23001.00000000  .00000000  00000-0  00000-0 0  9991
2 00193  53.0000 162.0000 0001000 000.0000 242.1000 15.1900000000001
SAT-00194
1 00194U 00000A   23001.00000000  .00000000  00000-0  00000-0 0  9991
2 00194  53.0000 162.0000 0001000 000.0000 260.1000 15.1900000000001
SAT-00195
1 00195U 00000A   23001.00000000  .00000000  00000-0  00000-0 0  9991
2 00195  53.0000 162.0000 0001000 000.0000 278.1000 15.1900000000001
SAT-00196
1 00196U 00000A   23001.00000000  .00000000  00000-0  00000-0 0  9991
2 00196  53.0000 162.0000 0001000 000.0000 296.1000 15.1900000000001
SAT-00197
1 00197U 00000A   23001.00000000  .00000000  00000-0  00000-0 0  9991
2 00197  53.0000 162.0000 0001000 000.0000 314.1000 15.1900000000001
SAT-00198
1 00198U 00000A   23001.00000000  .00000000  00000-0  00000-0 0  9991
2 00198  53.0000 162.0000 0001000 000.0000 332.1000 15.1900000000001
SAT-00199
1 00199U 00000A   23001.00000000  .00000000  00000-0  00000-0 0  9991
2 00199  53.0000 162.0000 0001000 000.0000 350.1000 15.1900000000001
SAT-00200
1 00200U 00000A   23001.00000000  .00000000  00000-0  00000-0 0  9991
2 00200  53.0000 180.0000 0001000 000.0000   9.0000 15.1900000000001
SAT-00201
1 00201U 00000A   23001.00000000  .00000000  00000-0  00000-0 0  9991
2 00201  53.0000 180.0000 0001000 000.0000  27.0000 15.1900000000001
SAT-00202
1 00202U 00000A   23001.00000000  .00000000  00000-0  00000-0 0  9991
2 00202  53.0000 180.0000 0001000 000.0000  45.0000 15.1900000000001
SAT-00203
1 00203U 00000A   23001.00000000  .00000000  00000-0  00000-0 0  9991
2 00203  53.0000 180.0000 0001000 000.0000  63.0000 15.1900000000001
SAT-00204
1 00204U 00000A   23001.00000000  .00000000  00000-0  00000-0 0  9991
2 00204  53.0000 180.0000 0001000 000.0000  81.0000 15.1900000000001
SAT-00205
1 00205U 00000A   23001.00000000  .00000000  00000-0  00000-0 0  9991
2 00205  53.0000 180.0000 0001000 000.0000  99.0000 15.1900000000001
SAT-00206
1 00206U 00000A   23001.00000000  .00000000  00000-0  00000-0 0  9991
2 00206  53.0000 180.0000 0001000 000.0000 117.0000 15.1900000000001
SAT-00207
1 00207U 00000A   23001.00000000  .00000000  00000-0  00000-0 0  9991
2 00207  53.0000 180.0000 0001000 000.0000 135.0000 15.1900000000001
SAT-00208
1 00208U 00000A   23001.00000000  .00000000  00000-0  00000-0 0  9991
2 00208  53.0000 180.0000 0001000 000.0000 153.0000 15.1900000000001
SAT-00209
1 00209U 00000A   23001.00000000  .00000000  00000-0  00000-0 0  9991
2 00209  53.0000 180.0000 0001000 000.0000 171.0000 15.1900000000001
SAT-00210
1 00210U 00000A   23001.00000000  .00000000  00000-0  00000-0 0  9991
2 00210  53.0000 180.0000 0001000 000.0000 189.0000 15.1900000000001
SAT-00211
1 00211U 00000A   23001.00000000  .00000000  00000-0  00000-0 0  9991
2 00211  53.0000 180.0000 0001000 000.0000 207.0000 15.1900000000001
SAT-00212
1 00212U 00000A   23001.00000000  .00000000  00000-0  00000-0 0  9991
2 00212  53.0000 180.0000 0001000 000.0000 225.0000 15.1900000000001
SAT-00213
1 00213U 00000A   23001.00000000  .00000000  00000-0  00000-0 0  9991
2 00213  53.0000 180.0000 0001000 000.0000 243.0000 15.1900000000001
SAT-00214
1 00214U 00000A   23001.00000000  .00000000  00000-0  00000-0 0  9991
2 00214  53.0000 180.0000 0001000 000.0000 261.0000 15.1900000000001
SAT-00215
1 00215U 00000A   23001.00000000  .00000000  00000-0  00000-0 0  9991
2 00215  53.0000 180.0000 0001000 000.0000 279.0000 15.1900000000001
SAT-00216
1 00216U 00000A   23001.00000000  .00000000  00000-0  00000-0 0  9991
2 00216  53.0000 180.0000 0001000 000.0000 297.0000 15.1900000000001
SAT-00217
1 00217U 00000A   23001.00000000  .00000000  00000-0  00000-0 0  9991
2 00217  53.0000 180.0000 0001000 000.0000 315.0000 15.1900000000001
SAT-00218
1 00218U 00000A   23001.00000000  .00000000  00000-0  00000-0 0  9991
2 00218  53.0000 180.0000 0001000 000.0000 333.0000 15.1900000000001
SAT-00219
1 00219U 00000A   23001.00000000  .00000000  00000-0  00000-0 0  9991
2 00219  53.0000 180.0000 0001000 000.0000 351.0000 15.1900000000001
SAT-00220
1 00220U 00000A   23001.00000000  .00000000  00000-0  00000-0 0  9991
2 00220  53.0000 198.0000 0001000 000.0000   9.9000 15.1900000000001
SAT-00221
1 00221U 00000A   23001.00000000  .00000000  00000-0  00000-0 0  9991
2 00221  53.0000 198.0000 0001000 000.0000  27.9000 15.1900000000001
SAT-00222
1 00222U 00000A   23001.00000000  .00000000  00000-0  00000-0 0  9991
2 00222  53.0000 198.0000 0001000 000.0000  45.9000 15.1900000000001
SAT-00223
1 00223U 00000A   23001.00000000  .00000000  00000-0  00000-0 0  9991
2 00223  53.0000 198.0000 0001000 000.0000  63.9000 15.1900000000001
SAT-00224
1 00224U 00000A   23001.00000000  .00000000  00000-0  00000-0 0  9991
2 00224  53.0000 198.0000 0001000 000.0000  81.9000 15.1900000000001
SAT-00225
1 00225U 00000A   23001.00000000  .00000000  00000-0  00000-0 0  9991
2 00225  53.0000 198.0000 0001000 000.0000  99.9000 15.1900000000001
SAT-00226
1 00226U 00000A   23001.00000000  .00000000  00000-0  00000-0 0  9991
2 00226  53.0000 198.0000 0001000 000.0000 117.9000 15.1900000000001
SAT-00227
1 00227U 00000A   23001.00000000  .00000000  00000-0  00000-0 0  9991
2 00227  53.0000 198.0000 0001000 000.0000 135.9000 15.1900000000001
SAT-00228
1 00228U 00000A   23001.00000000  .00000000  00000-0  00000-0 0  9991
2 00228  53.0000 198.0000 0001000 000.0000 153.9000 15.1900000000001
SAT-00229
1 00229U 00000A   23001.00000000  .00000000  00000-0  00000-0 0  9991
2 00229  53.0000 198.0000 0001000 000.0000 171.9000 15.1900000000001
SAT-00230
1 00230U 00000A   23001.00000000  .00000000  00000-0  00000-0 0  9991
2 00230  53.0000 198.0000 0001000 000.0000 189.9000 15.1900000000001
SAT-00231
1 00231U 00000A   23001.00000000  .00000000  00000-0  00000-0 0  9991
2 00231  53.0000 198.0000 0001000 000.0000 207.9000 15.1900000000001
SAT-00232
1 00232U 00000A   23001.00000000  .00000000  00000-0  00000-0 0  9991
2 00232  53.0000 198.0000 0001000 000.0000 225.9000 15.1900000000001
SAT-00233
1 00233U 00000A   23001.00000000  .00000000  00000-0  00000-0 0  9991
2 00233  53.0000 198.0000 0001000 000.0000 243.9000 15.1900000000001
SAT-00234
1 00234U 00000A   23001.00000000  .00000000  00000-0  00000-0 0  9991
2 00234  53.0000 198.0000 0001000 000.0000 261.9000 15.1900000000001
SAT-00235
1 00235U 00000A   23001.00000000  .00000000  00000-0  00000-0 0  9991
2 00235  53.0000 198.0000 0001000 000.0000 279.9000 15.1900000000001
SAT-00236
1 00236U 00000A   23001.00000000  .00000000  00000-0  00000-0 0  9991
2 00236  53.0000 198.0000 0001000 000.0000 297.9000 15.1900000000001
SAT-00237
1 00237U 00000A   23001.00000000  .00000000  00000-0  00000-0 0  9991
2 00237  53.0000 198.0000 0001000 000.0000 315.9000 15.1900000000001
SAT-00238
1 00238U 00000A   23001.00000000  .00000000  00000-0  00000-0 0  9991
2 00238  53.0000 198.0000 0001000 000.0000 333.9000 15.1900000000001
SAT-00239
1 00239U 00000A   23001.00000000  .00000000  00000-0  00000-0 0  9991
2 00239  53.0000 198.0000 0001000 000.0000 351.9000 15.1900000000001
SAT-00240
1 00240U 00000A   23001.00000000  .00000000  00000-0  00000-0 0  9991
2 00240  53.0000 216.0000 0001000 000.0000  10.8000 15.1900000000001
SAT-00241
1 00241U 00000A   23001.00000000  .00000000  00000-0  00000-0 0  9991
2 00241  53.0000 216.0000 0001000 000.0000  28.8000 15.1900000000001
SAT-00242
1 00242U 00000A   23001.00000000  .00000000  00000-0  00000-0 0  9991
2 00242  53.0000 216.0000 0001000 000.0000  46.8000 15.1900000000001
SAT-00243
1 00243U 00000A   23001.00000000  .00000000  00000-0  00000-0 0  9991
2 00243  53.0000 216.0000 0001000 000.0000  64.8000 15.1900000000001
SAT-00244
1 00244U 00000A   23001.00000000  .00000000  00000-0  00000-0 0  9991
2 00244  53.0000 216.0000 0001000 000.0000  82.8000 15.1900000000001
SAT-00245
1 00245U 00000A   23001.00000000  .00000000  00000-0  00000-0 0  9991
2 00245  53.0000 216.0000 0001000 000.0000 100.8000 15.1900000000001
SAT-00246
1 00246U 00000A   23001.00000000  .00000000  00000-0  00000-0 0  9991
2 00246  53.0000 216.0000 0001000 000.0000 118.8000 15.1900000000001
SAT-00247
1 00247U 00000A   23001.00000000  .00000000  00000-0  00000-0 0  9991
2 00247  53.0000 216.0000 0001000 000.0000 136.8000 15.1900000000001
SAT-00248
1 00248U 00000A   23001.00000000  .00000000  00000-0  00000-0 0  9991
2 00248  53.0000 216.0000 0001000 000.0000 154.8000 15.1900000000001
SAT-00249
1 00249U 00000A   23001.00000000  .00000000  00000-0  00000-0 0  9991
2 00249  53.0000 216.0000 0001000 000.0000 172.8000 15.1900000000001
SAT-00250
1 00250U 00000A   23001.00000000  .00000000  00000-0  00000-0 0  9991
2 00250  53.0000 216.0000 0001000 000.0000 190.8000 15.1900000000001
SAT-00251
1 00251U 00000A   23001.00000000  .00000000  00000-0  00000-0 0  9991
2 00251  53.0000 216.0000 0001000 000.0000 208.8000 15.1900000000001
SAT-00252
1 00252U 00000A   23001.00000000  .00000000  00000-0  00000-0 0  9991
2 00252  53.0000 216.0000 0001000 000.0000 226.8000 15.1900000000001
SAT-00253
1 00253U 00000A   23001.00000000  .00000000  00000-0  00000-0 0  9991
2 00253  53.0000 216.0000 0001000 000.0000 244.8000 15.1900000000001
SAT-00254
1 00254U 00000A   23001.00000000  .00000000  00000-0  00000-0 0  9991
2 00254  53.0000 216.0000 0001000 000.0000 262.8000 15.1900000000001
SAT-00255
1 00255U 00000A   23001.00000000  .00000000  00000-0  00000-0 0  9991
2 00255  53.0000 216.0000 0001000 000.0000 280.8000 15.1900000000001
SAT-00256
1 00256U 00000A   23001.00000000  .00000000  00000-0  00000-0 0  9991
2 00256  53.0000 216.0000 0001000 000.0000 298.8000 15.1900000000001
SAT-00257
1 00257U 00000A   23001.00000000  .00000000  00000-0  00000-0 0  9991
2 00257  53.0000 216.0000 0001000 000.0000 316.8000 15.1900000000001
SAT-00258
1 00258U 00000A   23001.00000000  .00000000  00000-0  00000-0 0  9991
2 00258  53.0000 216.0000 0001000 000.0000 334.8000 15.1900000000001
SAT-00259
1 00259U 00000A   23001.00000000  .00000000  00000-0  00000-0 0  9991
2 00259  53.0000 216.0000 0001000 000.0000 352.8000 15.1900000000001
SAT-00260
1 00260U 00000A   23001.00000000  .00000000  00000-0  00000-0 0  9991
2 00260  53.0000 234.0000 0001000 000.0000  11.7000 15.1900000000001
SAT-00261
1 00261U 00000A   23001.00000000  .00000000  00000-0  00000-0 0  9991
2 00261  53.0000 234.0000 0001000 000.0000  29.7000 15.1900000000001
SAT-00262
1 00262U 00000A   23001.00000000  .00000000  00000-0  00000-0 0  9991
2 00262  53.0000 234.0000 0001000 000.0000  47.7000 15.1900000000001
SAT-00263
1 00263U 00000A   23001.00000000  .00000000  00000-0  00000-0 0  9991
2 00263  53.0000 234.0000 0001000 000.0000  65.7000 15.1900000000001
SAT-00264
1 00264U 00000A   23001.00000000  .00000000  00000-0  00000-0 0  9991
2 00264  53.0000 234.0000 0001000 000.0000  83.7000 15.1900000000001
SAT-00265
1 00265U 00000A   23001.00000000  .00000000  00000-0  00000-0 0  9991
2 00265  53.0000 234.0000 0001000 000.0000 101.7000 15.1900000000001
SAT-00266
1 00266U 00000A   23001.00000000  .00000000  00000-0  00000-0 0  9991
2 00266  53.0000 234.0000 0001000 000.0000 119.7000 15.1900000000001
SAT-00267
1 00267U 00000A   23001.00000000  .00000000  00000-0  00000-0 0  9991
2 00267  53.0000 234.0000 0001000 000.0000 137.7000 15.1900000000001
SAT-00268
1 00268U 00000A   23001.00000000  .00000000  00000-0  00000-0 0  9991
2 00268  53.0000 234.0000 0001000 000.0000 155.7000 15.1900000000001
SAT-00269
1 00269U 00000A   23001.00000000  .00000000  00000-0  00000-0 0  9991
2 00269  53.0000 234.0000 0001000 000.0000 173.7000 15.1900000000001
SAT-00270
1 00270U 00000A   23001.00000000  .00000000  00000-0  00000-0 0  9991
2 00270  53.0000 234.0000 0001000 000.0000 191.7000 15.1900000000001
SAT-00271
1 00271U 00000A   23001.00000000  .00000000  00000-0  00000-0 0  9991
2 00271  53.0000 234.0000 0001000 000.0000 209.7000 15.1900000000001
SAT-00272
1 00272U 00000A   23001.00000000  .00000000  00000-0  00000-0 0  9991
2 00272  53.0000 234.0000 0001000 000.0000 227.7000 15.1900000000001
SAT-00273
1 00273U 00000A   23001.00000000  .00000000  00000-0  00000-0 0  9991
2 00273  53.0000 234.0000 0001000 000.0000 245.7000 15.1900000000001
SAT-00274
1 00274U 00000A   23001.00000000  .00000000  00000-0  00000-0 0  9991
2 00274  53.0000 234.0000 0001000 000.0000 263.7000 15.1900000000001
SAT-00275
1 00275U 00000A   23001.00000000  .00000000  00000-0  00000-0 0  9991
2 00275  53.0000 234.0000 0001000 000.0000 281.7000 15.1900000000001
SAT-00276
1 00276U 00000A   23001.00000000  .00000000  00000-0  00000-0 0  9991
2 00276  53.0000 234.0000 0001000 000.0000 299.7000 15.1900000000001
SAT-00277
1 00277U 00000A   23001.00000000  .00000000  00000-0  00000-0 0  9991
2 00277  53.0000 234.0000 0001000 000.0000 317.7000 15.1900000000001
SAT-00278
1 00278U 00000A   23001.00000000  .00000000  00000-0  00000-0 0  9991
2 00278  53.0000 234.0000 0001000 000.0000 335.7000 15.1900000000001
SAT-00279
1 00279U 00000A   23001.00000000  .00000000  00000-0  00000-0 0  9991
2 00279  53.0000 234.0000 0001000 000.0000 353.7000 15.1900000000001
SAT-00280
1 00280U 00000A   23001.00000000  .00000000  00000-0  00000-0 0  9991
2 00280  53.0000 252.0000 0001000 000.0000  12.6000 15.1900000000001
SAT-00281
1 00281U 00000A   23001.00000000  .00000000  00000-0  00000-0 0  9991
2 00281  53.0000 252.0000 0001000 000.0000  30.6000 15.1900000000001
SAT-00282
1 00282U 00000A   23001.00000000  .00000000  00000-0  00000-0 0  9991
2 00282  53.0000 252.0000 0001000 000.0000  48.6000 15.1900000000001
SAT-00283
1 00283U 00000A   23001.00000000  .00000000  00000-0  00000-0 0  9991
2 00283  53.0000 252.0000 0001000 000.0000  66.6000 15.1900000000001
SAT-00284
1 00284U 00000A   23001.00000000  .00000000  00000-0  00000-0 0  9991
2 00284  53.0000 252.0000 0001000 000.0000  84.6000 15.1900000000001
SAT-00285
1 00285U 00000A   23001.00000000  .00000000  00000-0  00000-0 0  9991
2 00285  53.0000 252.0000 0001000 000.0000 102.6000 15.1900000000001
SAT-00286
1 00286U 00000A   23001.00000000  .00000000  00000-0  00000-0 0  9991
2 00286  53.0000 252.0000 0001000 000.0000 120.6000 15.1900000000001
SAT-00287
1 00287U 00000A   23001.00000000  .00000000  00000-0  00000-0 0  9991
2 00287  53.0000 252.0000 0001000 000.0000 138.6000 15.1900000000001
SAT-00288
1 00288U 00000A   23001.00000000  .00000000  00000-0  00000-0 0  9991
2 00288  53.0000 252.0000 0001000 000.0000 156.6000 15.1900000000001
SAT-00289
1 00289U 00000A   23001.00000000  .00000000  00000-0  00000-0 0  9991
2 00289  53.0000 252.0000 0001000 000.0000 174.6000 15.1900000000001
SAT-00290
1 00290U 00000A   23001.00000000  .00000000  00000-0  00000-0 0  9991
2 00290  53.0000 252.0000 0001000 000.0000 192.6000 15.1900000000001
SAT-00291
1 00291U 00000A   23001.00000000  .00000000  00000-0  00000-0 0  9991
2 00291  53.0000 252.0000 0001000 000.0000 210.6000 15.1900000000001
SAT-00292
1 00292U 00000A   23001.00000000  .00000000  00000-0  00000-0 0  9991
2 00292  53.0000 252.0000 0001000 000.0000 228.6000 15.1900000000001
SAT-00293
1 00293U 00000A   23001.00000000  .00000000  00000-0  00000-0 0  9991
2 00293  53.0000 252.0000 0001000 000.0000 246.6000 15.1900000000001
SAT-00294
1 00294U 00000A   23001.00000000  .00000000  00000-0  00000-0 0  9991
2 00294  53.0000 252.0000 0001000 000.0000 264.6000 15.1900000000001
SAT-00295
1 00295U 00000A   23001.00000000  .00000000  00000-0  00000-0 0  9991
2 00295  53.0000 252.0000 0001000 000.0000 282.6000 15.1900000000001
SAT-00296
1 00296U 00000A   23001.00000000  .00000000  00000-0  00000-0 0  9991
2 00296  53.0000 252.0000 0001000 000.0000 300.6000 15.1900000000001
SAT-00297
1 00297U 00000A   23001.00000000  .00000000  00000-0  00000-0 0  9991
2 00297  53.0000 252.0000 0001000 000.0000 318.6000 15.1900000000001
SAT-00298
1 00298U 00000A   23001.00000000  .00000000  00000-0  00000-0 0  9991
2 00298  53.0000 252.0000 0001000 000.0000 336.6000 15.1900000000001
SAT-00299
1 00299U 00000A   23001.00000000  .00000000  00000-0  00000-0 0  9991
2 00299  53.0000 252.0000 0001000 000.0000 354.6000 15.1900000000001
SAT-00300
1 00300U 00000A   23001.00000000  .00000000  00000-0  00000-0 0  9991
2 00300  53.0000 270.0000 0001000 000.0000  13.5000 15.1900000000001
SAT-00301
1 00301U 00000A   23001.00000000  .00000000  00000-0  00000-0 0  9991
2 00301  53.0000 270.0000 0001000 000.0000  31.5000 15.1900000000001
SAT-00302
1 00302U 00000A   23001.00000000  .00000000  00000-0  00000-0 0  9991
2 00302  53.0000 270.0000 0001000 000.0000  49.5000 15.1900000000001
SAT-00303
1 00303U 00000A   23001.00000000  .00000000  00000-0  00000-0 0  9991
2 00303  53.0000 270.0000 0001000 000.0000  67.5000 15.1900000000001
SAT-00304
1 00304U 00000A   23001.00000000  .00000000  00000-0  00000-0 0  9991
2 00304  53.0000 270.0000 0001000 000.0000  85.5000 15.1900000000001
SAT-00305
1 00305U 00000A   23001.00000000  .00000000  00000-0  00000-0 0  9991
2 00305  53.0000 270.0000 0001000 000.0000 103.5000 15.1900000000001
SAT-00306
1 00306U 00000A   23001.00000000  .00000000  00000-0  00000-0 0  9991
2 00306  53.0000 270.0000 0001000 000.0000 121.5000 15.1900000000001
SAT-00307
1 00307U 00000A   23001.00000000  .00000000  00000-0  00000-0 0  9991
2 00307  53.0000 270.0000 0001000 000.0000 139.5000 15.1900000000001
SAT-00308
1 00308U 00000A   23001.00000000  .00000000  00000-0  00000-0 0  9991
2 00308  53.0000 270.0000 0001000 000.0000 157.5000 15.1900000000001
SAT-00309
1 00309U 00000A   23001.00000000  .00000000  00000-0  00000-0 0  9991
2 00309  53.0000 270.0000 0001000 000.0000 175.5000 15.1900000000001
SAT-00310
1 00310U 00000A   23001.00000000  .00000000  00000-0  00000-0 0  9991
2 00310  53.0000 270.0000 0001000 000.0000 193.5000 15.1900000000001
SAT-00311
1 00311U 00000A   23001.00000000  .00000000  00000-0  00000-0 0  9991
2 00311  53.0000 270.0000 0001000 000.0000 211.5000 15.1900000000001
SAT-00312
1 00312U 00000A   23001.00000000  .00000000  00000-0  00000-0 0  9991
2 00312  53.0000 270.0000 0001000 000.0000 229.5000 15.1900000000001
SAT-00313
1 00313U 00000A   23001.00000000  .00000000  00000-0  00000-0 0  9991
2 00313  53.0000 270.0000 0001000 000.0000 247.5000 15.1900000000001
SAT-00314
1 00314U 00000A   23001.00000000  .00000000  00000-0  00000-0 0  9991
2 00314  53.0000 270.0000 0001000 000.0000 265.5000 15.1900000000001
SAT-00315
1 00315U 00000A   23001.00000000  .00000000  00000-0  00000-0 0  9991
2 00315  53.0000 270.0000 0001000 000.0000 283.5000 15.1900000000001
SAT-00316
1 00316U 00000A   23001.00000000  .00000000  00000-0  00000-0 0  9991
2 00316  53.0000 270.0000 0001000 000.0000 301.5000 15.1900000000001
SAT-00317
1 00317U 00000A   23001.00000000  .00000000  00000-0  00000-0 0  9991
2 00317  53.0000 270.0000 0001000 000.0000 319.5000 15.1900000000001
SAT-00318
1 00318U 00000A   23001.00000000  .00000000  00000-0  00000-0 0  9991
2 00318  53.0000 270.0000 0001000 000.0000 337.5000 15.1900000000001
SAT-00319
1 00319U 00000A   23001.00000000  .00000000  00000-0  00000-0 0  9991
2 00319  53.0000 270.0000 0001000 000.0000 355.5000 15.1900000000001
SAT-00320
1 00320U 00000A   23001.00000000  .00000000  00000-0  00000-0 0  9991
2 00320  53.0000 288.0000 0001000 000.0000  14.4000 15.1900000000001
SAT-00321
1 00321U 00000A   23001.00000000  .00000000  00000-0  00000-0 0  9991
2 00321  53.0000 288.0000 0001000 000.0000  32.4000 15.1900000000001
SAT-00322
1 00322U 00000A   23001.00000000  .00000000  00000-0  00000-0 0  9991
2 00322  53.0000 288.0000 0001000 000.0000  50.4000 15.1900000000001
SAT-00323
1 00323U 00000A   23001.00000000  .00000000  00000-0  00000-0 0  9991
2 00323  53.0000 288.0000 0001000 000.0000  68.4000 15.1900000000001
SAT-00324
1 00324U 00000A   23001.00000000  .00000000  00000-0  00000-0 0  9991
2 00324  53.0000 288.0000 0001000 000.0000  86.4000 15.1900000000001
SAT-00325
1 00325U 00000A   23001.00000000  .00000000  00000-0  00000-0 0  9991
2 00325  53.0000 288.0000 0001000 000.0000 104.4000 15.1900000000001
SAT-00326
1 00326U 00000A   23001.00000000  .00000000  00000-0  00000-0 0  9991
2 00326  53.0000 288.0000 0001000 000.0000 122.4000 15.1900000000001
SAT-00327
1 00327U 00000A   23001.00000000  .00000000  00000-0  00000-0 0  9991
2 00327  53.0000 288.0000 0001000 000.0000 140.4000 15.1900000000001
SAT-00328
1 00328U 00000A   23001.00000000  .00000000  00000-0  00000-0 0  9991
2 00328  53.0000 288.0000 0001000 000.0000 158.4000 15.1900000000001
SAT-00329
1 00329U 00000A   23001.00000000  .00000000  00000-0  00000-0 0  9991
2 00329  53.0000 288.0000 0001000 000.0000 176.4000 15.1900000000001
SAT-00330
1 00330U 00000A   23001.00000000  .00000000  00000-0  00000-0 0  9991
2 00330  53.0000 288.0000 0001000 000.0000 194.4000 15.1900000000001
SAT-00331
1 00331U 00000A   23001.00000000  .00000000  00000-0  00000-0 0  9991
2 00331  53.0000 288.0000 0001000 000.0000 212.4000 15.1900000000001
SAT-00332
1 00332U 00000A   23001.00000000  .00000000  00000-0  00000-0 0  9991
2 00332  53.0000 288.0000 0001000 000.0000 230.4000 15.1900000000001
SAT-00333
1 00333U 00000A   23001.00000000  .00000000  00000-0  00000-0 0  9991
2 00333  53.0000 288.0000 0001000 000.0000 248.4000 15.1900000000001
SAT-00334
1 00334U 00000A   23001.00000000  .00000000  00000-0  00000-0 0  9991
2 00334  53.0000 288.0000 0001000 000.0000 266.4000 15.1900000000001
SAT-00335
1 00335U 00000A   23001.00000000  .00000000  00000-0  00000-0 0  9991
2 00335  53.0000 288.0000 0001000 000.0000 284.4000 15.1900000000001
SAT-00336
1 00336U 00000A   23001.00000000  .00000000  00000-0  00000-0 0  9991
2 00336  53.0000 288.0000 0001000 000.0000 302.4000 15.1900000000001
SAT-00337
1 00337U 00000A   23001.00000000  .00000000  00000-0  00000-0 0  9991
2 00337  53.0000 288.0000 0001000 000.0000 320.4000 15.1900000000001
SAT-00338
1 00338U 00000A   23001.00000000  .00000000  00000-0  00000-0 0  9991
2 00338  53.0000 288.0000 0001000 000.0000 338.4000 15.1900000000001
SAT-00339
1 00339U 00000A   23001.00000000  .00000000  00000-0  00000-0 0  9991
2 00339  53.0000 288.0000 0001000 000.0000 356.4000 15.1900000000001
SAT-00340
1 00340U 00000A   23001.00000000  .00000000  00000-0  00000-0 0  9991
2 00340  53.0000 306.0000 0001000 000.0000  15.3000 15.1900000000001
SAT-00341
1 00341U 00000A   23001.00000000  .00000000  00000-0  00000-0 0  9991
2 00341  53.0000 306.0000 0001000 000.0000  33.3000 15.1900000000001
SAT-00342
1 00342U 00000A   23001.00000000  .00000000  00000-0  00000-0 0  9991
2 00342  53.0000 306.0000 0001000 000.0000  51.3000 15.1900000000001
SAT-00343
1 00343U 00000A   23001.00000000  .00000000  00000-0  00000-0 0  9991
2 00343  53.0000 306.0000 0001000 000.0000  69.3000 15.1900000000001
SAT-00344
1 00344U 00000A   23001.00000000  .00000000  00000-0  00000-0 0  9991
2 00344  53.0000 306.0000 0001000 000.0000  87.3000 15.1900000000001
SAT-00345
1 00345U 00000A   23001.00000000  .00000000  00000-0  00000-0 0  9991
2 00345  53.0000 306.0000 0001000 000.0000 105.3000 15.1900000000001
SAT-00346
1 00346U 00000A   23001.00000000  .00000000  00000-0  00000-0 0  9991
2 00346  53.0000 306.0000 0001000 000.0000 123.3000 15.1900000000001
SAT-00347
1 00347U 00000A   23001.00000000  .00000000  00000-0  00000-0 0  9991
2 00347  53.0000 306.0000 0001000 000.0000 141.3000 15.1900000000001
SAT-00348
1 00348U 00000A   23001.00000000  .00000000  00000-0  00000-0 0  9991
2 00348  53.0000 306.0000 0001000 000.0000 159.3000 15.1900000000001
SAT-00349
1 00349U 00000A   23001.00000000  .00000000  00000-0  00000-0 0  9991
2 00349  53.0000 306.0000 0001000 000.0000 177.3000 15.1900000000001
SAT-00350
1 00350U 00000A   23001.00000000  .00000000  00000-0  00000-0 0  9991
2 00350  53.0000 306.0000 0001000 000.0000 195.3000 15.1900000000001
SAT-00351
1 00351U 00000A   23001.00000000  .00000000  00000-0  00000-0 0  9991
2 00351  53.0000 306.0000 0001000 000.0000 213.3000 15.1900000000001
SAT-00352
1 00352U 00000A   23001.00000000  .00000000  00000-0  00000-0 0  9991
2 00352  53.0000 306.0000 0001000 000.0000 231.3000 15.1900000000001
SAT-00353
1 00353U 00000A   23001.00000000  .00000000  00000-0  00000-0 0  9991
2 00353  53.0000 306.0000 0001000 000.0000 249.3000 15.1900000000001
SAT-00354
1 00354U 00000A   23001.00000000  .00000000  00000-0  00000-0 0  9991
2 00354  53.0000 306.0000 0001000 000.0000 267.3000 15.1900000000001
SAT-00355
1 00355U 00000A   23001.00000000  .00000000  00000-0  00000-0 0  9991
2 00355  53.0000 306.0000 0001000 000.0000 285.3000 15.1900000000001
SAT-00356
1 00356U 00000A   23001.00000000  .00000000  00000-0  00000-0 0  9991
2 00356  53.0000 306.0000 0001000 000.0000 303.3000 15.1900000000001
SAT-00357
1 00357U 00000A   23001.00000000  .00000000  00000-0  00000-0 0  9991
2 00357  53.0000 306.0000 0001000 000.0000 321.3000 15.1900000000001
SAT-00358
1 00358U 00000A   23001.00000000  .00000000  00000-0  00000-0 0  9991
2 00358  53.0000 306.0000 0001000 000.0000 339.3000 15.1900000000001
SAT-00359
1 00359U 00000A   23001.00000000  .00000000  00000-0  00000-0 0  9991
2 00359  53.0000 306.0000 0001000 000.0000 357.3000 15.1900000000001
SAT-00360
1 00360U 00000A   23001.00000000  .00000000  00000-0  00000-0 0  9991
2 00360  53.0000 324.0000 0001000 000.0000  16.2000 15.1900000000001
SAT-00361
1 00361U 00000A   23001.00000000  .00000000  00000-0  00000-0 0  9991
2 00361  53.0000 324.0000 0001000 000.0000  34.2000 15.1900000000001
SAT-00362
1 00362U 00000A   23001.00000000  .00000000  00000-0  00000-0 0  9991
2 00362  53.0000 324.0000 0001000 000.0000  52.2000 15.1900000000001
SAT-00363
1 00363U 00000A   23001.00000000  .00000000  00000-0  00000-0 0  9991
2 00363  53.0000 324.0000 0001000 000.0000  70.2000 15.1900000000001
SAT-00364
1 00364U 00000A   23001.00000000  .00000000  00000-0  00000-0 0  9991
2 00364  53.0000 324.0000 0001000 000.0000  88.2000 15.1900000000001
SAT-00365
1 00365U 00000A   23001.00000000  .00000000  00000-0  00000-0 0  9991
2 00365  53.0000 324.0000 0001000 000.0000 106.2000 15.1900000000001
SAT-00366
1 00366U 00000A   23001.00000000  .00000000  00000-0  00000-0 0  9991
2 00366  53.0000 324.0000 0001000 000.0000 124.2000 15.1900000000001
SAT-00367
1 00367U 00000A   23001.00000000  .00000000  00000-0  00000-0 0  9991
2 00367  53.0000 324.0000 0001000 000.0000 142.2000 15.1900000000001
SAT-00368
1 00368U 00000A   23001.00000000  .00000000  00000-0  00000-0 0  9991
2 00368  53.0000 324.0000 0001000 000.0000 160.2000 15.1900000000001
SAT-00369
1 00369U 00000A   23001.00000000  .00000000  00000-0  00000-0 0  9991
2 00369  53.0000 324.0000 0001000 000.0000 178.2000 15.1900000000001
SAT-00370
1 00370U 00000A   23001.00000000  .00000000  00000-0  00000-0 0  9991
2 00370  53.0000 324.0000 0001000 000.0000 196.2000 15.1900000000001
SAT-00371
1 00371U 00000A   23001.00000000  .00000000  00000-0  00000-0 0  9991
2 00371  53.0000 324.0000 0001000 000.0000 214.2000 15.1900000000001
SAT-00372
1 00372U 00000A   23001.00000000  .00000000  00000-0  00000-0 0  9991
2 00372  53.0000 324.0000 0001000 000.0000 232.2000 15.1900000000001
SAT-00373
1 00373U 00000A   23001.00000000  .00000000  00000-0  00000-0 0  9991
2 00373  53.0000 324.0000 0001000 000.0000 250.2000 15.1900000000001
SAT-00374
1 00374U 00000A   23001.00000000  .00000000  00000-0  00000-0 0  9991
2 00374  53.0000 324.0000 0001000 000.0000 268.2000 15.1900000000001
SAT-00375
1 00375U 00000A   23001.00000000  .00000000  00000-0  00000-0 0  9991
2 00375  53.0000 324.0000 0001000 000.0000 286.2000 15.1900000000001
SAT-00376
1 00376U 00000A   23001.00000000  .00000000  00000-0  00000-0 0  9991
2 00376  53.0000 324.0000 0001000 000.0000 304.2000 15.1900000000001
SAT-00377
1 00377U 00000A   23001.00000000  .00000000  00000-0  00000-0 0  9991
2 00377  53.0000 324.0000 0001000 000.0000 322.2000 15.1900000000001
SAT-00378
1 00378U 00000A   23001.00000000  .00000000  00000-0  00000-0 0  9991
2 00378  53.0000 324.0000 0001000 000.0000 340.2000 15.1900000000001
SAT-00379
1 00379U 00000A   23001.00000000  .00000000  00000-0  00000-0 0  9991
2 00379  53.0000 324.0000 0001000 000.0000 358.2000 15.1900000000001
SAT-00380
1 00380U 00000A   23001.00000000  .00000000  00000-0  00000-0 0  9991
2 00380  53.0000 342.0000 0001000 000.0000  17.1000 15.1900000000001
SAT-00381
1 00381U 00000A   23001.00000000  .00000000  00000-0  00000-0 0  9991
2 00381  53.0000 342.0000 0001000 000.0000  35.1000 15.1900000000001
SAT-00382
1 00382U 00000A   23001.00000000  .00000000  00000-0  00000-0 0  9991
2 00382  53.0000 342.0000 0001000 000.0000  53.1000 15.1900000000001
SAT-00383
1 00383U 00000A   23001.00000000  .00000000  00000-0  00000-0 0  9991
2 00383  53.0000 342.0000 0001000 000.0000  71.1000 15.1900000000001
SAT-00384
1 00384U 00000A   23001.00000000  .00000000  00000-0  00000-0 0  9991
2 00384  53.0000 342.0000 0001000 000.0000  89.1000 15.1900000000001
SAT-00385
1 00385U 00000A   23001.00000000  .00000000  00000-0  00000-0 0  9991
2 00385  53.0000 342.0000 0001000 000.0000 107.1000 15.1900000000001
SAT-00386
1 00386U 00000A   23001.00000000  .00000000  00000-0  00000-0 0  9991
2 00386  53.0000 342.0000 0001000 000.0000 125.1000 15.1900000000001
SAT-00387
1 00387U 00000A   23001.00000000  .00000000  00000-0  00000-0 0  9991
2 00387  53.0000 342.0000 0001000 000.0000 143.1000 15.1900000000001
SAT-00388
1 00388U 00000A   23001.00000000  .00000000  00000-0  00000-0 0  9991
2 00388  53.0000 342.0000 0001000 000.0000 161.1000 15.1900000000001
SAT-00389
1 00389U 00000A   23001.00000000  .00000000  00000-0  00000-0 0  9991
2 00389  53.0000 342.0000 0001000 000.0000 179.1000 15.1900000000001
SAT-00390
1 00390U 00000A   23001.00000000  .00000000  00000-0  00000-0 0  9991
2 00390  53.0000 342.0000 0001000 000.0000 197.1000 15.1900000000001
SAT-00391
1 00391U 00000A   23001.00000000  .00000000  00000-0  00000-0 0  9991
2 00391  53.0000 342.0000 0001000 000.0000 215.1000 15.1900000000001
SAT-00392
1 00392U 00000A   23001.00000000  .00000000  00000-0  00000-0 0  9991
2 00392  53.0000 342.0000 0001000 000.0000 233.1000 15.1900000000001
SAT-00393
1 00393U 00000A   23001.00000000  .00000000  00000-0  00000-0 0  9991
2 00393  53.0000 342.0000 0001000 000.0000 251.1000 15.1900000000001
SAT-00394
1 00394U 00000A   23001.00000000  .00000000  00000-0  00000-0 0  9991
2 00394  53.0000 342.0000 0001000 000.0000 269.1000 15.1900000000001
SAT-00395
1 00395U 00000A   23001.00000000  .00000000  00000-0  00000-0 0  9991
2 00395  53.0000 342.0000 0001000 000.0000 287.1000 15.1900000000001
SAT-00396
1 00396U 00000A   23001.00000000  .00000000  00000-0  00000-0 0  9991
2 00396  53.0000 342.0000 0001000 000.0000 305.1000 15.1900000000001
SAT-00397
1 00397U 00000A   23001.00000000  .00000000  00000-0  00000-0 0  9991
2 00397  53.0000 342.0000 0001000 000.0000 323.1000 15.1900000000001
SAT-00398
1 00398U 00000A   23001.00000000  .00000000  00000-0  00000-0 0  9991
2 00398  53.0000 342.0000 0001000 000.0000 341.1000 15.1900000000001
SAT-00399
1 00399U 00000A   23001.00000000  .00000000  00000-0  00000-0 0  9991
2 00399  53.0000 342.0000 0001000 000.0000 359.1000 15.1900000000001
